00010400 00010400 00010400 00010400 00010400 00010400 00010400 00010400 00010400 00010400 00010400
00010400 00000204 00000102 00000102 00000102 00000102 00000102 00000102 00000102 00000304 00010400
00010400 00000002 00000001 00000001 00000001 00000001 00000001 00000001 00000001 00000202 00010400
00010400 00000002 00000001 00000001 00000001 00000001 00000001 00000001 00000001 00000202 00010400
00010400 00000002 00000001 00000001 00000001 00000001 00000001 00000001 00000001 00000202 00010400
00010400 00000002 00000001 00000001 00000001 00000001 00000001 00000001 00000001 00000202 00010400
00010400 00000002 00000001 00000001 00000001 00000001 00000001 00000001 00000001 00000202 00010400
00010400 00000002 00000001 00000001 00000001 00000001 00000001 00000001 00000001 00000202 00010400
00010400 00000002 00000001 00000001 00000001 00000001 00000001 00000001 00000001 00000202 00010400
00010400 00000104 00000302 00000302 00000302 00000302 00000302 00000302 00000302 00000004 00010400
00014400 00014400 00014400 00014400 00014400 00014400 00014400 00014400 00014400 00014400 00014400
