00010400 00010400 00010400 00010400 00010400 00010400 00010400 00010400 00010400 00010400 00010400 00010400 00010400 00010400 00010400 00010400 00010400 00010400 00010400 00010400 00010400 00010400 00010400 00010400 00010400 00010400 00010400
00010400 00000000 00000000 00000000 00000000 00000000 00000000 00000000 00000000 00000000 00000000 00000000 00000000 00000000 00000000 00000000 00000000 00000000 00000000 00000000 00000000 00000000 00000000 00000000 00000000 00000000 00010400
00010400 00000000 00000204 00000102 00000102 00000102 00000102 00000102 00000102 00000102 00000102 00000102 00000102 00000102 00000102 00000102 00000102 00000102 00000102 00000102 00000102 00000102 00000102 00000102 00000304 00000000 00010400
00010400 00000000 00000002 00000001 00000201 00000201 00000201 00000201 00000201 00000201 00000201 00000201 00000201 00000201 00000201 00000201 00000201 00000201 00000201 00000201 00000201 00000201 00000201 00000201 00000202 00000000 00010400
00010400 00000000 00000002 00000001 00000203 00000302 00000302 00000302 00000302 00000302 00000302 00000302 00000302 00000302 00000302 00000302 00000302 00000302 00000302 00000302 00000302 00000302 00000303 00000201 00000202 00000000 00010400
00010400 00000000 00000002 00000001 00000202 00000200 00000200 00000200 00000200 00000200 00000200 00000200 00000200 00000200 00000200 00000200 00000200 00000200 00000200 00000200 00000200 00000200 00000002 00000201 00000202 00000000 00010400
00010400 00000000 00000002 00000001 00000202 00000000 00000000 00000000 00000000 00000000 00000000 00000000 00000000 00000000 00000000 00000000 00000000 00000000 000c0000 000d0000 000e0000 00000000 00000002 00000001 00000202 00000000 00010400
00010400 00000000 00000002 00000001 00000202 00000000 00000000 00000000 0000060e 0000040b 0000040b 0000040b 0000040b 0000040f 00000000 00000000 00000000 00000000 00150400 00160400 00170400 00000000 00000002 00000001 00000202 00000000 00010400
00010400 00000000 00000002 00000001 00000202 00000000 00000000 00000000 0000060a 00000609 00000609 00000609 00000609 0000040a 00000000 00000000 00000000 00000000 00180400 00190000 001a0400 00000000 00000002 00000001 00000202 00000000 00010400
00010400 00000000 00000002 00000001 00000202 00000000 00000000 00000000 0000060a 00000609 00000609 00000609 00000609 0000040a 00000000 00000000 00000000 00000204 00000102 00000102 00000102 00000102 00000003 00000001 00000202 00000000 00010400
00010400 00000000 00000002 00000001 00000202 00000000 00000000 00000000 0000060a 00000609 00000609 00000609 00000609 0000040a 00000000 00000000 00000000 00000002 00000001 00000001 00000001 00000001 00000001 00000001 00000202 00000000 00010400
00010400 00000000 00000002 00000001 00000202 00000000 00000000 00000000 0000060f 0000060b 0000060b 0000060b 0000060b 0000040e 00000000 00000000 00000000 00000104 00000302 00000302 00000302 00000302 00000302 00000302 00000004 00000000 00010400
00010400 00000000 00000002 00000001 00000202 00000000 00000000 00000000 00000000 00000000 00000000 00000000 00000000 00000000 00000000 00000000 00000000 00000000 00000000 00000000 00000000 00000000 00000000 00000000 00000000 00000000 00010400
00010400 00000000 00000002 00000201 00000202 00000000 00000000 00000000 00000000 00000000 00000000 00000000 00000000 00000000 00000000 00000000 00000000 00000000 00000000 00000000 00000000 00000000 00000000 00000000 00000000 00000000 00010400
00010400 00010400 00000002 00000201 00000202 00010400 00010400 00010400 00010400 00010400 00010400 00010400 00010400 00010400 00010400 00010400 00010400 00010400 00010400 00010400 00010400 00010400 00010000 00010400 00010400 00010400 00010400
