00000406 00000403 00000403 00000403 00000403 00000403 00000403 00000403 00000403 00000403 00000403 00000403 00000403 00000403 00000403 00000405
00000402 00000000 00000000 00000000 00000000 00000000 00000000 00000000 00000000 00000000 00000000 00000000 00000000 00000000 00000000 00000000
00000402 00000000 00000000 00000000 00000000 00000000 00000000 00000000 00000000 00000000 00000000 00000000 00000000 00000000 00000000 00000000
00000402 00000000 00000000 00000000 00000000 00000000 00000000 00000000 00000000 00000000 00000000 00000000 00000000 00000000 00000000 00000000
00000402 00000000 00000000 00000000 0000040b 00000401 00000401 00000401 00000401 0000040c 00000000 00000000 0000040b 00000401 00000401 00000407
00000402 00000000 00000000 00000000 00000404 00000406 00000403 00000403 00000403 00000409 00000000 00000000 0000040a 00000403 00000403 00000405
00000402 00000000 00000000 00000000 0000040a 00000409 00000000 00000000 00000000 00000000 00000000 00000000 00000000 00000000 00010400 00000404
00000402 00000000 00000000 00000000 00000000 00000000 00000000 00000000 00000000 00090400 00090400 00000000 00000000 00000000 00010400 00000404
00000402 00000000 00000000 00000000 00000000 00000000 00000000 00000000 00000000 000a0400 000b0400 00000000 00000000 00000000 00010400 00000404
00000402 00000000 00000000 00000000 0000040b 0000040c 00000000 00000000 00000000 00080400 00080400 00000000 00000000 00000000 00010400 00000404
00000402 00000000 00000000 00000000 00000404 00000402 00010400 00000000 00000000 00000000 00000000 00000000 00000000 00000000 00010400 00000404
00000408 00000401 00000401 00000401 00000407 00000408 00000401 00000401 00000401 00000401 00000401 00000401 00000401 00000401 00000401 00000407
