0006 0006 0006 0006 0006 0006 0006 0006 0006 0006 0006 0006 0006 0006 0006 0006 0006
0000 0006 0006 0006 0006 0006 0006 0006 0006 0006 0006 0006 0006 0006 0006 0006 0006
0006 0006 0006 0006 0006 0006 0006 0006 0006 0006 0006 0006 0006 0006 0006 0006 0006
0006 0006 0006 0006 0006 0006 0006 0006 0006 0006 0006 0006 0006 0006 0006 0006 0006
0006 0006 0006 0006 0006 0006 0006 0006 0006 0006 0006 0006 0006 0006 0006 0006 0006
0006 0006 0006 0006 0006 0006 0006 0006 0006 0006 0006 0006 0006 0006 0006 0006 0006
0006 0006 0006 0006 0006 0006 0006 0006 0006 0006 0006 0006 0006 0006 0006 0006 0006
0006 0006 0006 0006 0006 0006 0006 0006 0006 0006 0006 0006 0006 0006 0006 0006 0006
0006 0006 0006 0006 0006 0006 0006 0006 0006 0006 0006 0006 0006 0006 0006 0006 0006
0006 0006 0006 0006 0006 0006 0006 0006 0006 0006 0006 0006 0006 0006 0006 0006 0006
0006 0006 0006 0006 0006 0006 0006 0006 0006 0006 0006 0006 0006 0006 0006 0006 0006
0006 0006 0006 0006 0006 0006 0006 0006 0006 0006 0006 0006 0006 0006 0006 0006 0006
0006 0006 0006 0006 0006 0006 0006 0006 0006 0006 0006 0006 0006 0006 0006 0006 0006
0006 0006 0006 0006 0006 0006 0006 0006 0006 0006 0006 0006 0006 0006 0006 0006 0006