00010400 00010400 00010400 00010400 00010400 00010400 00010400 00010400 00010400 00010400 00010400 00010400 00010400 00010400 00010400 00010400 00010400 00010400 00010400 00010400 00010400 00010400 00010400 00010400 00010400 00010400 00010400
00010400 00000000 00000000 00000000 00000000 00000000 00000000 00000000 00000000 00000000 00000000 00000000 00000000 00000000 00000000 00000000 00000000 00000000 00000000 00000000 00000000 00000000 00000000 00000000 00000000 00000000 00010400
00010400 00000000 00000204 00000102 00000102 00000102 00000102 00000102 00000102 00000102 00000102 00000102 00000102 00000102 00000102 00000102 00000102 00000102 00000102 00000102 00000102 00000102 00000102 00000102 00000304 00000000 00010400
00010400 00000000 00000002 00000001 00000201 00000201 00000201 00000201 00000201 00000201 00000201 00000201 00000201 00000201 00000201 00000201 00000201 00000201 00000201 00000201 00000201 00000201 00000201 00000201 00000202 00000000 00010400
00010400 00000000 00000002 00000001 00000203 00000302 00000302 00000302 00000302 00000302 00000302 00000302 00000302 00000302 00000302 00000302 00000302 00000302 00000302 00000302 00000302 00000302 00000303 00000201 00000202 00000000 00010400
00010400 00000000 00000002 00000001 00000202 00000200 00000200 00000200 00000200 00000200 00000200 00000200 00000200 00000200 00000200 00000200 00000200 00000200 00000200 00000200 00000200 00000200 00000002 00000201 00000202 00000000 00010400
00010400 00000000 00000002 00000001 00000202 00000000 00000000 00000000 00000000 00000000 00000000 00000000 00000000 00000000 00000000 00000000 00000000 00000000 00030000 00040000 00050000 00000000 00000002 00000001 00000202 00000000 00010400
00010400 00000000 00000002 00000001 00000202 00000000 00000000 00000000 0000060e 0000040b 0000040b 0000040b 0000040b 0000040f 00000000 00000000 00000000 00000000 00060400 00070400 00080400 00000000 00000002 00000001 00000202 00000000 00010400
00010400 00000000 00000002 00000001 00000202 00000000 00000000 00000000 0000060a 00000609 00000609 00000609 00000609 0000040a 00000000 00000000 00000000 00000000 00090400 000a0000 000b0400 00000000 00000002 00000001 00000202 00000000 00010400
00010400 00000000 00000002 00000001 00000202 00000000 00000000 00000000 0000060a 00000609 00000609 00000609 00000609 0000040a 00000000 00000000 00000000 00000204 00000102 00000102 00000102 00000102 00000003 00000001 00000202 00000000 00010400
00010400 00000000 00000002 00000001 00000202 00000000 00000000 00000000 0000060a 00000609 00000609 00000609 00000609 0000040a 00000000 00000000 00000000 00000002 00000001 00000001 00000001 00000001 00000001 00000001 00000202 00000000 00010400
00010400 00000000 00000002 00000001 00000202 00000000 00000000 00000000 0000060f 0000060b 0000060b 0000060b 0000060b 0000040e 00000000 00000000 00000000 00000104 00000302 00000302 00000302 00000302 00000302 00000302 00000004 00000000 00010400
00010400 00000000 00000002 00000001 00000202 00000000 00000000 00000000 00000000 00000000 00000000 00000000 00000000 00000000 00000000 00000000 00000000 00000000 00000000 00000000 00000000 00000000 00000000 00000000 00000000 00000000 00010400
00010400 00000000 00000002 00000201 00000202 00000000 00000000 00000000 00000000 00000000 00000000 00000000 00000000 00000000 00000000 00000000 00000000 00000000 00000000 00000000 00000000 00000000 00000000 00000000 00000000 00000000 00010400
00010400 00010400 00000002 00000201 00000202 00010400 00010400 00010400 00010400 00010400 00010400 00010400 00010400 00010400 00010400 00010400 00010400 00010400 00010400 00010400 00010400 00010400 00010000 00010400 00010400 00010400 00010400
