00010600 00000200 00000002 00000001 00000202 00000200 0000060a 00000609 00000609 00000609 00000609 00000609 00000609 00000609 00000609 00000609 00000609 00000609 0000040a 00000200 00010600 00010000 00010400 00010400 00010400 00010400 00010400
00010400 00000000 00000002 00000201 00000202 00000000 0000060a 00000609 00000609 00000609 00000609 00000609 00000609 00000609 00000609 00000609 00000609 00000609 0000040a 00000000 001b0400 00000000 00000000 00000000 00000000 00000000 001b0400
00010400 00000000 00000002 00000201 00000202 00000000 0000060f 0000060b 0000060b 0000060b 0000060b 0000060b 0000060b 0000060b 0000060b 0000060b 0000060b 0000060b 0000040e 00000000 001b0400 00000000 00030000 00040000 00050000 00000000 001b0400
00010400 00000000 00000002 00000201 00000202 00000000 00000000 00000000 00000000 00000000 00000000 00000000 00000000 00000000 00000000 00000000 00000000 00000000 00000000 00000000 001b0400 00000000 00060400 00070400 00080400 00000000 001b0400
00010400 00000000 00000002 00000201 00000202 00000000 00030000 00040000 00050000 00000000 00000000 00030000 00040000 00050000 00000000 00000000 00030000 00040000 00050000 00000000 001b0400 00000000 00090400 000a0000 000b0400 00000000 001b0400
00010400 00000000 00000002 00000201 00000202 00000000 00060400 00070400 00080400 00000000 00000000 00060400 00070400 00080400 00000000 00000000 00060400 00070400 00080400 00000000 001b0400 00000000 00000000 00000000 00000000 00000000 001b0400
00010400 00000000 00000002 00000201 00000202 001d0000 00090400 000a0000 000b0400 001d0000 001d0000 00090400 000a0000 000b0400 001d0000 001d0000 00090400 000a0000 000b0400 001d0000 001b0400 001b0400 001b0400 001b0400 001b0400 001b0400 001b0400
00010400 00000000 00000002 00000201 00000202 00000000 00000000 00000000 00000000 00000000 00000000 00000000 00000000 00000000 00000000 00000000 00000000 00000000 00000000 00000000 00000000 00000000 00000000 00000000 00000000 00000000 00010400
00010400 00000000 00000002 00000201 00000202 001b0400 001b0400 001b0400 001b0400 001b0400 001b0400 001b0400 001b0400 001b0400 001b0400 001b0400 001b0400 001b0400 001b0400 001b0400 00000000 00000000 00000000 00000000 00000000 00000000 00010400
00010400 00000000 00000002 00000201 00000103 00000102 00000102 00000102 00000102 00000102 00000102 00000102 00000102 00000102 00000102 00000102 00000102 00000102 00000102 00000102 00000102 00000102 00000102 00000102 00000304 00000000 00010400
00010400 00000000 00000002 00000201 00000203 00000302 00000302 00000302 00000302 00000302 00000302 00000302 00000302 00000302 00000302 00000302 00000302 00000302 00000302 00000302 00000302 00000302 00000302 00000303 00000202 00000000 00010400
00010400 00000000 00000002 00000201 00000202 00000000 00220000 00230000 00000000 00000000 00000000 00000000 00000000 002e0000 002f0000 00000000 00000000 00000000 00000000 00000000 00280000 00290000 00000000 00000002 00000202 00000000 00010400
00010400 00000000 00000002 00000201 00000202 00000000 001f0400 00210400 00000000 00000000 00000000 00000000 00000000 001f0400 00210400 00000000 00000000 00000000 00000000 00000000 001f0400 00210400 00000000 00000002 00000103 00000102 00000102
00010400 00000000 00000002 00000201 00000202 00000000 00000000 00000000 00000000 00000000 00000000 00000000 00000000 00000000 00000000 00000000 00000000 00000000 00000000 00000000 00000000 00000000 00000000 00000002 00000201 00000201 00000201
00010400 00000000 00000002 00000201 00000202 00000000 00000000 00000000 00000000 00000000 00000000 00000000 00000000 00000000 00000000 00000000 00000000 00000000 00000000 00000000 00000000 00000000 00000000 00000002 00000201 00000203 00000302
00010400 00000000 00000002 00000201 00000202 00000000 00000000 00000000 00000000 00000000 00000000 00000000 00000000 00000000 00000000 00000000 00000000 00000000 00000000 00000000 00000000 00000000 00000000 00000002 00000201 00000202 00010400
00010400 00000000 00000002 00000201 00000202 00000000 00240000 00250000 00000000 00000000 00000000 00000000 00000000 002c0000 002d0000 00000000 00000000 00000000 00000000 00000000 00000000 00000000 00000000 00000002 00000201 00000202 00010400
00010400 00000000 00000002 00000201 00000202 00000000 001f0400 00330400 00000000 00000000 00000000 00000000 00000000 001f0400 00210400 00000000 00000000 00000000 00000000 00000000 00340400 00000000 00000000 00000002 00000201 00000202 00010400
00010400 00000000 00000002 00000201 00000202 00000000 00000000 00000000 00000000 00000000 00000000 00000000 00000000 00000000 00000000 00000000 00000000 00000000 00000000 00000000 00000000 00000000 00000000 00000002 00000201 00000202 00010400
00010400 00000000 00000002 00000201 00000202 00000000 00000000 00000000 00000000 00000000 00000000 00000000 00000000 00000000 00000000 00000000 00000000 00000000 00000000 00340400 00000000 00000000 00000000 00000002 00000201 00000202 00010400
00010400 00000000 00000002 00000201 00000202 00000000 00000000 00000000 00000000 00000000 00000000 00000000 00000000 00000000 00000000 00000000 00000000 00000000 00000000 00000000 00000000 00000000 00340400 00000002 00000201 00000202 00010400
00010400 00000000 00000002 00000201 00000202 00000000 00260000 00270000 00000000 00000000 00000000 00000000 00000000 00300000 00310000 00000000 00000000 00000000 00000000 00000000 002a0000 002b0000 00000000 00000002 00000201 00000202 00010400
00010400 00000000 00000002 00000201 00000202 00000000 001f0400 00210400 00000000 00000000 00000000 00000000 00000000 00320400 00210400 00000000 00000000 00000000 00000000 00000000 001f0400 00210400 00000000 00000002 00000201 00000202 00010400
00010400 00000000 00000002 00000201 00000103 00000102 00000102 00000102 00000102 00000102 00000102 00000102 00000102 00000102 00000102 00000102 00000102 00000102 00000102 00000102 00000102 00000102 00000102 00000003 00000201 00000202 00010400
00010400 00000000 00000002 00000201 00000201 00000201 00000201 00000201 00000201 00000201 00000201 00000201 00000201 00000201 00000201 00000201 00000201 00000201 00000201 00000201 00000201 00000201 00000201 00000201 00000201 00000202 00010400
00010400 00000000 00000104 00000302 00000302 00000302 00000302 00000302 00000302 00000302 00000302 00000302 00000302 00000302 00000302 00000302 00000302 00000302 00000302 00000302 00000302 00000302 00000302 00000302 00000302 00000004 00010400
00010400 00000000 00000000 00000000 00000000 00000000 00000000 00000000 00000000 00000000 00000000 00000000 00000000 00000000 00000000 00000000 00000000 00000000 00000000 00000000 00000000 00000000 00000000 00000000 00000000 00000000 00010400
00010400 00010400 00010400 00010400 00010400 00010400 00010400 00010400 00010400 00010400 00010400 00010400 00010400 00010400 00010400 00010400 00010400 00010400 00010400 00010400 00010400 00010400 00010400 00010400 00010400 00010400 00010400
