00020400 00020400 00020400 00020400 00020400 00020400 00020400 00020400 00020400 00020400 00020400 00020400 00020400 00020400 00020400 00020400
00000000 00000000 00000204 00000102 00000102 00000102 00000102 00000102 00000102 00000304 00000000 00004000 00004000 00004000 00004000 00020400
00000000 00000000 00000002 00000012 00000111 00000111 00000111 00000111 00000112 00000202 00000000 00010400 00010400 00010400 00004000 00020400
00000000 00000000 00000002 00000011 00000110 00000110 00000110 00000110 00000211 00000202 00010400 0000460e 0000440b 0000440f 00010400 00020400
00000000 00000000 00000002 00000011 00000110 00000110 00000110 00000110 00000211 00000202 00010400 0000460a 00004609 0000440a 00010400 00020400
00000000 00000000 00000002 00000011 00000110 00000110 00000110 00000110 00000211 00000202 00010400 0000460f 0000460b 0000440e 00010400 00020400
00000000 00000000 00000002 00000011 00000110 00000110 00000110 00000110 00000211 00000202 00000000 00010400 00010400 00010400 00004000 00020400
00000000 00000000 00000002 00000312 00000311 00000311 00000311 00000311 00000212 00000202 00000000 00004000 00004000 00004000 00004000 00020400
00000000 00000000 00000104 00000302 00000302 00000302 00000302 00000302 00000302 00000004 00000000 00004000 00004000 00004000 00004000 00020400
00000000 00000000 00000000 00000000 00000000 00000000 00000000 00000000 00000000 00000000 00000000 00004000 00004000 00004000 00004000 00020400
00000000 00000000 00000000 00000000 00000000 00000000 00000000 00000000 00000000 00000000 00020400 00004000 00004000 00004000 00004000 00020400
00000307 00000000 00000000 00000000 00000000 00000000 00000000 00000000 00000000 00000000 00000000 00004000 00004000 00004000 00004000 00020400
00004006 00004000 00004000 00004000 00004000 00004000 00004000 00004000 00004000 00004000 00004000 00004000 00004000 00004000 00004000 00020400
00004006 00004000 00004000 00004000 00004000 00004000 00004000 00004000 00004000 00004000 00004000 00004000 00004000 00004000 00004000 00020400
00004006 00020400 00020400 00020400 00020400 00020400 00020400 00020400 00020400 00020400 00020400 00020400 00020400 00020400 00020400 00020400
