00020400 00020400 00020400 00020400 00020400 00020400 00020400 00020400 00020400 00020400 00020400
00020400 00000204 00000102 00000102 00000102 00000102 00000102 00000102 00000102 00000304 00020400
00020400 00000002 00000001 00000001 00000001 00000001 00000001 00000001 00000001 00000202 00020400
00020400 00000002 00000001 00000001 00000001 00000001 00000001 00000001 00000001 00000202 00020400
00020400 00000002 00000001 00000001 00000001 00000001 00000001 00000001 00000001 00000202 00020400
00020400 00000002 00000001 00000001 00000001 00000001 00000001 00000001 00000001 00000202 00020400
00020400 00000002 00000001 00000001 00000001 00000001 00000001 00000001 00000001 00000202 00020400
00020400 00000002 00000001 00000001 00000001 00000001 00000001 00000001 00000001 00000202 00020400
02010300 00000104 00000302 00000302 00000302 00000302 00000302 00000302 00000302 00000004 02010300
02010306 03020306 03020306 03020706 03020706 03020706 03020706 03020706 03020306 03020306 02010306
02010005 01020005 01020005 01020405 01020405 01020405 01020405 01020405 01020005 01020005 02010005
