0009 0009 0009 0009 0009 0009 0009 0009 0009 0009 0009 0009 0009 0009 0009 0009 0009
0009 0009 0009 0009 0009 0009 0009 0009 0009 0009 0009 0009 0009 0009 0009 0009 0009
0009 0009 0009 000d 000d 000d 000d 000d 000d 0009 0009 0009 0009 0009 0009 0009 0009
0009 0009 0009 000d 000d 000d 000d 000d 000d 0009 0009 0009 0009 0009 0009 0009 0009
0009 0009 0009 000d 000d 000d 000d 000d 000d 0009 0009 0009 0009 0009 0009 0009 0009
0009 0009 0009 000d 000d 000d 000d 000d 000d 0009 0009 0009 0009 0009 0009 0009 0009
0009 0009 0009 000d 000d 000d 000d 000d 000d 0009 0009 0009 0009 0009 0009 0009 0009
0009 0009 0009 000d 000d 000d 000d 000d 000d 0009 0009 0009 0009 0009 0009 0009 0009
0009 0009 0009 000d 000d 000d 000d 000d 000d 0009 0009 0009 0009 0009 0009 0009 0009
0009 0009 0009 0009 0009 0009 0009 0009 0009 0009 0009 0009 0009 0009 0009 0009 0009
0009 0009 0009 0009 0009 0009 0009 0009 0009 0009 0009 0009 0009 0009 0009 0009 0009
0009 0009 0009 0009 0009 0009 0009 0009 0009 0009 0009 0009 0009 0009 0009 0009 0009
0009 0009 0009 0009 0009 0009 0009 0009 0009 0009 0009 0009 0009 0009 0009 0009 0009
0009 0009 0009 0009 0009 0009 0009 0009 0009 0009 0009 0009 0009 0009 0009 0009 0009
